11051 Mumbai 3500 50
11052 Lucknow 4000 50
11053 Hyderabad 2500 50
11054 Ahmedabad 3000 50
11055 Chennai 4000 50
11056 Kolkata 2000 50
11057 Surat 2500 50
11058 Jaipur 1500 50
11059 Kanpur 2500 50
11060 Bangalore 1800 50
11061 Indore 2000 50
11062 Bhopal 2500 48
11063 Patna 2000 50
11064 Vadodara 3000 50
11065 Agra 1000 50
11066 Mysore 1500 50
11067 Visakhapatnam 4500 50
11068 Meerut 2500 50
11069 Varanasi 2500 50
11070 Srinagar 2000 50
11071 Amritsar 2000 50
11072 Coimbatore 4000 50
11073 Gwalior 3000 50
11074 Kota 2500 50
11075 Chandigarh 3500 50
11076 Amravati 3000 50
11077 Warangal 2500 50
11078 Kochi 4500 49
11079 Jamshedpur 2500 50
11080 Dehradun 3000 50
11081 Ujjain 3500 50
11082 Mangalore 4200 50
11083 Guwahati 3000 50
11084 Ranchi 2700 50
11085 Nashik 2800 50
11086 Ludhiana 3000 50
11087 Bikaner 2500 50
11090 Panaji 3200 50
